border_i = 9
24307
1 0 0 1 1 1 0 0 0 0
0 0 1 2 3 3 3 3 5 5
0 1 2 4 7 11 14 19 23 28
1 2 4 8 16 27 43 60 83 111
1 3 7 16 35 64 103 167 250 354
1 3 11 30 65 123 230 397 640 1001
0 4 14 44 105 228 458 861 1502 2503
1 4 18 62 167 395 863 1708 3210 5728
1 4 22 85 247 644 1497 3205 6430 12158
0 5 28 107 360 1004 2501 5709 12161 24307

border_i = -1
24313 12166 5709 2497 1003 360 111 29 7 0
12147 6435 3212 1509 648 246 82 23 3 0
5728 3223 1718 861 393 164 60 17 3 0
2505 1498 857 462 229 106 41 14 3 1
1000 641 397 229 125 63 29 11 3 1
356 246 164 104 64 36 18 7 3 1
110 83 60 42 28 18 10 5 2 1
28 22 18 14 10 7 5 3 2 1
5 4 4 3 2 2 2 2 1 1
0 0 1 0 0 0 1 0 1 1